42571
47032
31206
54299
43228
26094
50481
51420
32857
48041
21958
65103
54435
59699
19031
47191
60453
18865
63095
22821
8387
29432
201
23641
11116
6365
52988
33305
22789
52780
20432
23117
56638
31318
46453
42901
48153
41553
63183
49414
46626
2421
25597
4023
26452
23604
25844
33735
21110
30495
44872
51673
60292
57515
11789
45236
14577
26587
14992
31934
18005
50647
4765
28296
10384
6240
6039
63820
38212
4051
60590
42954
14945
32898
4302
30753
55317
30155
54782
11205
13547
63660
21220
11906
580
1250
1903
63485
44077
64113
51780
13675
27647
36453
17650
20211
11871
28863
53344
37813
27771
44848
9286
15210
51980
12496
46006
39586
35023
26186
8255
8567
46881
41194
15603
43599
11169
8458
13695
2331
44544
18037
37545
57793
19275
56166
47302
24629
62661
61705
50293
13476
48447
29481
12873
3052
37438
31864
54671
57062
14047
38192
19634
50187
25420
45043
22041
13513
9481
48120
20925
56528
12459
38092
31155
23574
38146
36640
16786
54828
53328
47993
8471
37260
25235
37776
19793
16770
43499
18906
31703
15280
49266
33917
24684
53595
43829
23008
48761
12955
63830
56704
28615
45205
54791
9246
59520
21113
63816
5729
30912
37138
6015
44513
48429
42176
51215
53596
30090
15336
1185
14031
57599
10843
40666
50436
3972
53129
28208
28213
34112
38738
44137
31492
33665
17024
31425
35971
10789
7860
60532
5459
65297
13215
6972
51608
51023
50103
45058
11197
47449
35526
15162
19677
6578
33630
38378
31676
11522
61352
1047
41050
60721
4126
48067
38148
9279
42534
59029
58426
63349
51020
57583
58701
47883
61990
58450
31855
16590
65100
3718
34347
5900
48917
49054
46695
10015
50127
6226
63503
22466
59738
19785
61702
48686
46998
62493
34230
11503
12923
8578
9559
45006
43396
30213
25509
37982
39615
13805
19106
50622
18176
31133
49020
31613
38270
62584
62687
63044
15329
57593
56114
25700
20336
18332
47286
9154
53880
7176
146
47427
2229
60940
21623
48863
19555
7115
37250
11346
22114
21774
22986
8707
58430
44616
47601
24000
63933
43505
6139
52278
42602
16722
20595
1075
56721
43099
54046
39083
5484
62335
17127
65499
46128
59505
59508
44919
56495
44014
33965
4912
41739
5386
23762
13143
43678
43687
54347
30668
25348
32619
30180
40815
43363
42172
54925
10512
16090
64322
27544
24418
62406
2185
62831
35186
25420
51941
62226
27468
53746
30611
10598
64171
1758
43265
24802
39000
32800
56586
21470
7206
2396
43577
25702
56850
49001
51418
6648
42586
52606
50804
60057
1963
30536
57547
16091
17665
14674
22219
35509
10180
15487
18993
21811
25932
64584
47704
64344
44175
43127
59413
16289
43147
29702
41308
29480
8508
2628
10987
24635
36573
52075
13176
33829
33046
8420
63529
34667
63727
14679
25327
62738
32706
15472
57702
43698
21209
38688
17461
22711
20857
23109
31699
11326
38294
57568
11835
42714
19785
36448
10791
1090
53174
37867
48432
59194
14995
21117
5213
28027
37179
18968
36544
4832
14957
8618
23000
52846
27074
25289
46072
44184
1175
7520
50128
31019
41840
1220
25181
13672
40734
22362
24341
33706
34881
17986
25304
36424
52979
49579
28047
27418
51873
53987
6795
35979
16125
46300
4363
27822
7560
63830
52916
33439
49776
29202
59961
32435
41847
42219
61986
17194
9846
1401
42987
40215
40705
26969
57338
12451
48760
29564
11251
44185
47817
29046
25781
16358
13699
10631
31801
36935
21035
54186
56233
28778
13985
16732
12272
11536
24295
35151
29825
8474
11563
17460
27107
65414
5002
2135
26987
54513
46429
49461
47712
38941
46447
18657
35827
28380
21683
14586
29747
51824
64656
53915
37825
43140
47333
38457
6567
40055
6790
18446
1981
35842
2943
43444
34710
2718
36207
51272
28487
1183
57181
58901
28140
34353
3726
26984
46725
12069
56494
58967
30258
43925
16365
273
22023
61018
38687
8156
12797
3630
14157
27083
56099
27825
59748
32596
35927
8191
43044
30396
58342
41043
51269
38423
644
11097
14728
53604
32371
39667
48845
27541
22969
3363
34868
3888
8480
27430
11363
64760
57493
56988
28690
26384
7617
39211
60621
62247
35980
1436
31729
37230
34779
54620
18805
7605
27785
12964
50513
34600
705
17064
62059
53121
64362
44128
8571
1647
53707
58344
17665
20478
54835
59485
13363
65199
53794
5853
21744
12916
15116
55555
58324
18143
47851
46117
1135
35495
32613
35133
46491
19424
7599
24455
63151
42174
23777
38461
52324
46787
9810
53334
20368
7264
36304
55375
40766
25895
1800
24013
660
60734
45936
5048
114
28670
21001
59306
60000
23976
59692
56062
47355
26485
16366
18278
339
29134
47504
58403
53135
23742
1803
53962
56054
60625
25277
62123
36253
52482
62756
7371
60763
49859
31095
8321
30715
711
62028
3556
20651
17719
813
49153
48154
3436
28895
41311
23154
16909
4247
18888
1529
173
37842
4411
57716
49804
48052
51474
20031
51260
33233
65191
1548
5886
11609
442
62233
32229
28910
12608
4721
24920
63383
6963
23000
56014
62407
56194
25938
57268
41887
62468
27249
3778
30332
61224
24750
52624
51961
24992
28995
672
42705
61537
1500
53544
29989
34983
22229
52565
47171
58127
16155
36952
48135
10724
43132
60675
4623
24970
54825
14046
60082
14493
40953
43055
64091
43153
48822
28135
25455
20224
13215
54573
16130
26713
43704
33597
39706
40391
15240
10249
45493
30456
54759
17550
24878
50269
58328
4535
35451
5259
38124
24969
32025
38686
63285
11596
26799
19937
31766
64997
25270
14716
1998
12918
47130
11909
57488
31358
24831
6693
8379
26246
46269
57194
3694
25371
14177
20334
29818
36798
9571
33702
52505
56470
28466
35493
28883
32950
10790
41191
45787
58730
12352
22799
47993
27654
10595
9629
22431
14574
34944
45480
56860
21130
64217
43792
44594
43952
18488
57090
54223
2291
60911
26044
43647
26061
42315
44218
15607
33653
11602
21188
58012
30248
53618
24695
47646
20674
20338
38230
1977
55256
36996
28266
53599
28590
39056
41791
60196
10573
42279
2479
52562
62748
36945
54302
17157
735
39806
43290
14244
18968
4646
8928
35208
4317
4791
22857
60606
9289
60644
30090
8337
54099
10126
15621
18733
48389
31584
35692
23346
11267
2842
60748
40115
13770
23807
50750
11644
45413
8841
33425
57891
35552
39536
24281
2669
5023
17824
61696
46724
61270
